221970211276812 -1.9971378 -11.136741 27.73817,
222421967096810 0.001298291 5.9921126E-4 -0.0013150689,
222421972094810 -0.0018975022 -4.660532E-4 -0.0023803334,
222421977095810 2.330266E-4 -4.660532E-4 -0.0034455978,
222421982097810 -8.322378E-4 -0.0015313176 -0.0013150689,
222421987098810 2.330266E-4 -4.660532E-4 -0.0023803334,
222421992100810 -8.322378E-4 -4.660532E-4 -0.011967713,
222421997102810 -8.322378E-4 -4.660532E-4 -0.0045108623,
222422002103810 -8.322378E-4 -4.660532E-4 -0.0013150689,
222422007105810 2.330266E-4 5.9921126E-4 0.0029459887,
222422012107810 -8.322378E-4 -4.660532E-4 -2.4980452E-4,
222422017108810 2.330266E-4 -4.660532E-4 8.1545993E-4,
222422022108810 -0.0018975022 5.9921126E-4 0.0061417823,
222422027110810 -8.322378E-4 5.9921126E-4 -2.4980452E-4,
222422032112810 -8.322378E-4 5.9921126E-4 -0.0023803334,
222422037113810 2.330266E-4 5.9921126E-4 -0.0034455978,
222422042115810 0.001298291 -4.660532E-4 0.0018807243,
222422047116810 0.001298291 -0.0015313176 8.1545993E-4,
222422052119810 2.330266E-4 5.9921126E-4 0.0018807243,
222422057120810 2.330266E-4 -0.0015313176 -0.0034455978,
222422062122810 -0.0018975022 -0.0015313176 -0.0023803334,
222422067124810 -8.322378E-4 -0.002596582 0.0018807243,
222422072126810 -8.322378E-4 -4.660532E-4 -2.4980452E-4,
222422077127810 0.001298291 -4.660532E-4 -0.0013150689,
222422082129810 2.330266E-4 0.0016644757 -2.4980452E-4,
222422087131810 -8.322378E-4 -4.660532E-4 -0.0055761267,
222422092133810 -8.322378E-4 -4.660532E-4 -0.0023803334,
222422097134810 -8.322378E-4 -4.660532E-4 -0.0013150689,
222422102136810 -8.322378E-4 -4.660532E-4 -0.0034455978,
222422107138810 2.330266E-4 -0.0015313176 -0.0023803334,
222422112140810 -0.0018975022 -0.0015313176 -0.0013150689,
222422117141810 -8.322378E-4 -4.660532E-4 -2.4980452E-4,
222422122143810 2.330266E-4 5.9921126E-4 -0.0023803334,
222422127145810 -8.322378E-4 -4.660532E-4 -2.4980452E-4,
222422132147810 -0.0029627667 5.9921126E-4 0.005076518,
222422137148810 -8.322378E-4 5.9921126E-4 -2.4980452E-4,
222422142150810 -0.0018975022 0.0016644757 -0.0034455978,
222422147157810 -0.0018975022 -4.660532E-4 -0.0023803334,
222422152154810 -8.322378E-4 -4.660532E-4 -0.0034455978,
222422157155810 2.330266E-4 5.9921126E-4 0.0018807243,
222422162157810 2.330266E-4 -4.660532E-4 0.0029459887,
222422167159810 2.330266E-4 -4.660532E-4 0.0029459887,
222422172161810 -8.322378E-4 -0.0015313176 0.0040112534,
222422177162810 -0.0018975022 -4.660532E-4 0.0018807243,
222422182164810 -8.322378E-4 -0.0015313176 0.0018807243,
222422187166810 0.001298291 -4.660532E-4 0.0018807243,
222422192168810 0.001298291 -0.0015313176 0.0018807243,
222422197169810 0.001298291 -4.660532E-4 0.0018807243,
222422202171810 -8.322378E-4 -4.660532E-4 8.1545993E-4,
222422207173810 2.330266E-4 -4.660532E-4 -0.0013150689,
222422212175810 0.0023635554 5.9921126E-4 -0.0013150689,
222422217176810 2.330266E-4 -0.0015313176 -2.4980452E-4,
222422222178810 2.330266E-4 -0.0015313176 -0.0034455978,
222422227180810 2.330266E-4 -0.0015313176 -2.4980452E-4,
222422232182810 0.001298291 5.9921126E-4 0.0029459887,
222422237184810 2.330266E-4 5.9921126E-4 -2.4980452E-4,
222422242185810 2.330266E-4 5.9921126E-4 -0.0013150689,
222422247187810 -8.322378E-4 -0.0015313176 0.0018807243,
222422252192810 -0.0018975022 -4.660532E-4 0.0029459887,
222422257195810 0.001298291 -4.660532E-4 0.0018807243,
222422262195810 2.330266E-4 -4.660532E-4 -2.4980452E-4,
222422267196810 -8.322378E-4 -4.660532E-4 -0.0034455978,
222422272197810 -8.322378E-4 5.9921126E-4 0.0029459887,
222422277197810 -8.322378E-4 -4.660532E-4 0.0029459887,
222422282199810 2.330266E-4 -4.660532E-4 -0.006641391,
222422287201810 2.330266E-4 -4.660532E-4 -0.006641391,
222422292203810 5.491438E-4 0.0020639498 -0.0018144116,
222422297204810 5.491438E-4 -6.657903E-5 -0.0028796762,
222422302206810 -0.001581385 -6.657903E-5 3.1611722E-4,
222422307208810 -5.1612064E-4 -6.657903E-5 -7.491472E-4,
222422312210810 5.491438E-4 -6.657903E-5 3.1611722E-4,
222422317211810 -5.1612064E-4 9.986854E-4 -0.0018144116,
222422322214810 5.491438E-4 9.986854E-4 3.1611722E-4,
222422327215810 5.491438E-4 -6.657903E-5 -7.491472E-4,
222422332217810 5.491438E-4 -6.657903E-5 -0.0018144116,
222422337218810 -5.1612064E-4 -6.657903E-5 3.1611722E-4,
222422342221810 -5.1612064E-4 -6.657903E-5 0.002446646,
222422347222810 -5.1612064E-4 -6.657903E-5 0.0035119106,
222422352224810 5.491438E-4 -6.657903E-5 0.0035119106,
222422357226810 0.0016144082 -6.657903E-5 0.002446646,
222422362228810 0.0016144082 9.986854E-4 0.004577175,
222422367232810 5.491438E-4 9.986854E-4 0.0013813816,
222422372232810 0.0026796726 9.986854E-4 -7.491472E-4,
222422377233810 0.0016144082 -6.657903E-5 -0.0028796762,
222422382235810 0.0016144082 -6.657903E-5 -0.0018144116,
222422387236810 -5.1612064E-4 9.986854E-4 0.002446646,
222422392238810 -5.1612064E-4 -6.657903E-5 -7.491472E-4,
222422397240810 -5.1612064E-4 -0.0011318434 -7.491472E-4,
222422402244810 0.0016144082 -6.657903E-5 0.004577175,
222422407246810 5.491438E-4 -0.0011318434 0.0035119106,
222422412246810 5.491438E-4 -6.657903E-5 0.0035119106,
222422417247810 0.0026796726 9.986854E-4 0.0035119106,
222422422249810 5.491438E-4 -6.657903E-5 3.1611722E-4,
222422427250810 0.0016144082 -6.657903E-5 3.1611722E-4,
222422432253810 -5.1612064E-4 -6.657903E-5 -0.0018144116,
222422437254810 5.491438E-4 9.986854E-4 3.1611722E-4,
222422442256810 -0.001581385 9.986854E-4 -7.491472E-4,
222422447257810 -5.1612064E-4 9.986854E-4 -0.0028796762,
222422452259810 -5.1612064E-4 -6.657903E-5 -0.0018144116,
222422457261810 5.491438E-4 -6.657903E-5 -0.0028796762,
222422462263810 0.0016144082 9.986854E-4 -0.0018144116,
222422467264810 -5.1612064E-4 -0.0011318434 0.0013813816,
222422472267810 -0.001581385 -6.657903E-5 0.0035119106,
222422477268810 5.491438E-4 -6.657903E-5 -0.0039449404,
222422482270810 5.491438E-4 -6.657903E-5 -0.0028796762,
222422487272810 -0.001581385 -6.657903E-5 3.1611722E-4,
222422492274810 -5.1612064E-4 -6.657903E-5 3.1611722E-4,
222422497275810 -0.001581385 9.986854E-4 -0.0028796762,
222422502277810 5.491438E-4 -6.657903E-5 -0.0039449404,
222422507279810 5.491438E-4 -6.657903E-5 -7.491472E-4,
222422512281810 -0.001581385 -0.0011318434 0.0035119106,
222422517282810 5.491438E-4 -6.657903E-5 3.1611722E-4,
222422522284810 0.0016144082 -6.657903E-5 0.004577175,
222422527286810 -0.001581385 -6.657903E-5 0.002446646,
222422532293810 0.0016144082 -0.0011318434 -0.0039449404,
222422537290810 -5.1612064E-4 -0.0011318434 -0.0060754693,
222422542293810 -0.001581385 -6.657903E-5 -0.0039449404,
222422547293810 -5.1612064E-4 9.986854E-4 3.1611722E-4,
222422552295810 -5.1612064E-4 -6.657903E-5 -0.0018144116,
222422557302810 5.491438E-4 9.986854E-4 -7.491472E-4,
222422562299810 -5.1612064E-4 -0.0011318434 3.1611722E-4,
222422567300810 -5.1612064E-4 -0.0011318434 -0.0018144116,
222422572303810 5.491438E-4 -6.657903E-5 -0.0039449404,
222422577304810 5.491438E-4 -6.657903E-5 -0.0028796762,
222422582306810 5.491438E-4 -0.0011318434 3.1611722E-4,
222422587307810 -5.1612064E-4 -6.657903E-5 -7.491472E-4,
222422592309810 5.491438E-4 -0.0011318434 -7.491472E-4,
222422597310810 0.0016144082 -0.0011318434 -0.0028796762,
