222421967096810 2.7247512 11.495311 15.233258,
222421972094810 2.7247512 11.486033 15.205575,
222421977095810 2.7605145 11.496657 15.200787,
222421982097810 2.7662008 11.402236 15.271266,
222421987098810 2.7612627 11.415255 15.21979,
222421992100810 2.7693431 11.406425 15.252112,
222421997102810 2.7320833 11.349564 15.223232,
222422002103810 2.7201123 11.35121 15.323639,
222422007105810 2.734328 11.370513 15.314062,
222422012107810 2.736423 11.314399 15.358206,
222422017108810 2.7386675 11.297639 15.329326,
222422022108810 2.766949 11.246015 15.369877,
222422027110810 2.734328 11.184813 15.32768,
222422032112810 2.7222073 11.159374 15.370476,
222422037113810 2.7552772 11.220726 15.3644905,
222422042115810 2.7226563 11.140968 15.424046,
222422047116810 2.7199628 11.073183 15.425991,
222422052119810 2.7018566 11.08291 15.373169,
222422057120810 2.7193642 11.086202 15.437513,
222422062122810 2.7118824 11.01662 15.440656,
222422067124810 2.7199628 11.022157 15.4463415,
222422072126810 2.728941 10.973674 15.456817,
222422077127810 2.6856956 10.934768 15.50066,
222422082129810 2.7032034 10.951528 15.455918,
222422087131810 2.6813562 10.939406 15.497368,
222422092133810 2.712032 10.849625 15.494525,
222422097134810 2.7328317 10.8647375 15.473725,
222422102136810 2.7060466 10.791415 15.511435,
222422107138810 2.6888382 10.72767 15.506047,
222422112140810 2.7358243 10.815058 15.496021,
222422117141810 2.664896 10.742035 15.5337305,
222422122143810 2.7002106 10.681132 15.550939,
222422127145810 2.6982653 10.667814 15.556176,
222422132147810 2.6868927 10.6946 15.548395,
222422137148810 2.6993127 10.622175 15.557223,
222422142150810 2.6879404 10.584466 15.63309,
222422147157810 2.7002106 10.578481 15.583111,
222422152154810 2.6780643 10.509199 15.590592,
222422157155810 2.7260978 10.502016 15.644761,
222422162157810 2.681057 10.4883995 15.648502,
222422167159810 2.6731262 10.411635 15.679776,
222422172161810 2.692579 10.348937 15.649849,
222422177162810 2.7093384 10.394576 15.621268,
222422182164810 2.6939259 10.320655 15.622465,
222422187166810 2.6870425 10.318261 15.677532,
222422192168810 2.6704328 10.296265 15.678729,
222422197169810 2.680159 10.258855 15.71569,
222422202171810 2.6922798 10.218602 15.692645,
222422207173810 2.693477 10.224737 15.687707,
222422212175810 2.6625018 10.155605 15.736489,
222422217176810 2.7088895 10.138696 15.722872,
222422222178810 2.668188 10.081085 15.712847,
222422227180810 2.6420016 10.049662 15.762676,
222422232182810 2.6803088 10.016891 15.830162,
222422237184810 2.6611552 10.02572 15.849915,
222422242185810 2.6276364 9.99684 15.736639,
222422247187810 2.665794 9.921572 15.787366,
222422252192810 2.67163 9.90586 15.84752,
222422257195810 2.6271875 9.842114 15.772402,
222422262195810 2.6771665 9.831939 15.821633,
222422267196810 2.6375124 9.804705 15.812057,
222422272197810 2.6598084 9.741558 15.869517,
222422277197810 2.6213515 9.691579 15.815498,
222422282199810 2.6128223 9.697414 15.89316,
222422287201810 2.586486 9.618257 15.88448,
222422292203810 2.5911248 9.604639 15.891214,
222422297204810 2.642151 9.597756 15.84767,
222422302206810 2.6523266 9.5382 15.9022875,
222422307208810 2.631527 9.486875 15.859641,
222422312210810 2.6095302 9.454553 15.892411,
222422317211810 2.6138697 9.413702 15.919047,
222422322214810 2.6192567 9.351153 15.948077,
222422327215810 2.6128223 9.401731 15.9757595,
222422332217810 2.5906758 9.321824 15.9518175,
222422337218810 2.610428 9.252691 15.942091,
222422342221810 2.6144683 9.278878 15.989825,
222422347222810 2.5673325 9.249549 15.950022,
222422352224810 2.5667338 9.178322 15.983242,
222422357226810 2.5626936 9.1512375 15.991023,
222422362228810 2.598906 9.134627 15.984439,
222422367232810 2.5896285 9.06759 15.947778,
222422372232810 2.6030958 9.057565 15.944486,
222422377233810 2.5602994 9.006837 15.977106,
222422382235810 2.5643396 8.94758 15.990274,
222422387236810 2.5300727 8.909722 16.015413,
222422392238810 2.555511 8.88593 16.003143,
222422397240810 2.5736172 8.829666 16.016012,
222422402244810 2.6010008 8.782829 16.041899,
222422407246810 2.5462334 8.769213 16.011374,
222422412246810 2.554613 8.687361 16.021399,
222422417247810 2.5403976 8.642469 15.992968,
222422422249810 2.5594015 8.653393 16.04579,
222422427250810 2.5330653 8.574385 16.042198,
222422432253810 2.528277 8.528894 16.027683,
222422437254810 2.4913166 8.496274 16.044144,
222422442256810 2.50224 8.412177 16.022148,
222422447257810 2.5342624 8.418612 16.044294,
222422452259810 2.5471313 8.4425535 16.096218,
222422457261810 2.484882 8.334815 16.079758,
222422462263810 2.4741082 8.294113 16.113277,
222422467264810 2.5145104 8.268525 16.035465,
222422472267810 2.4723125 8.208072 16.006435,
222422477268810 2.4697688 8.144027 16.094572,
222422482270810 2.469619 8.173954 16.044893,
222422487272810 2.471714 8.070106 16.148293,
222422492274810 2.5106196 8.040029 16.140211,
222422497275810 2.4600422 8.028806 16.07931,
222422502277810 2.42383 7.945757 16.083948,
222422507279810 2.429516 7.8912888 16.093225,
222422512281810 2.5065796 7.9331875 16.096367,
222422517282810 2.4640825 7.814824 16.101604,
222422522284810 2.478747 7.7325234 16.113874,
222422527286810 2.4934115 7.722797 16.090233,
222422532293810 2.4781485 7.688829 16.130785,
222422537290810 2.4296658 7.6285253 16.111332,
222422542293810 2.4633343 7.600094 16.072575,
222422547293810 2.415899 7.563283 16.097116,
222422552295810 2.4615386 7.4868183 16.07108,
222422557302810 2.4579473 7.5115085 16.121508,
222422562299810 2.4365492 7.4202294 16.146496,
222422567300810 2.4545057 7.3814735 16.150986,
222422572303810 2.384176 7.323414 16.094124,
222422577304810 2.3868694 7.2770267 16.1245,
222422582306810 2.385822 7.2270474 16.07931,
222422587307810 2.4013844 7.216124 16.051626,
222422592309810 2.3882163 7.1107793 16.09577,
222422597310810 2.360683 7.0545154 16.092926,
222422602313810 2.4072201 7.050475 16.098164,
