x
-1 1
1 -17.243 20.787
2 -24.144 14.098
3 -9.4841 17.9
4 0.17196 30.527
5 0.059733 16.704
6 0.031844 17.406
7 0.10463 14.444
8 0.064415 9.8185
9 0.0042654 437.821
10 0.0013037 586.13
11 0.012408 331.209
12 0.03752 942.005
13 -12540.704 15403.711
14 -20475.526 14025.726
15 -17651.318 14832.924
16 -17.243 20.787
17 -24.144 14.098
18 -9.4841 17.9
19 0.17196 30.527
20 0.059733 16.704
21 0.031844 17.406
22 0.10463 14.444
23 0.064415 9.8185
24 0.0042654 437.821
25 0.0013037 586.13
26 0.012408 331.209
27 0.03752 942.005
28 -12540.704 15403.711
29 -20475.526 14025.726
30 -17651.318 14832.924
